A = [1 2 3; 4 5 6]
B = [1;1;1]

A*B